> 4 7 0 12 0 2 15 9 13 9 14 2 13 6 10 6 9 12 7 14 12 8 14 1 2
> 4 7 0 12 0 2 15 9 13 9 14 2 13 6 10 6 9 12 7 14 12 8 14 1 2
> 4 7 0 12 0 2 15 9 13 9 14 2 13 6 10 6 9 12 7 14 12 8 14 1 2
> 4 7 0 12 0 2 15 9 13 9 14 2 13 6 10 6 9 12 7 14 12 8 14 1 2
> 4 7 0 12 0 2 15 9 13 9 14 2 13 6 10 6 9 12 7 14 12 8 14 1 2
> 4 7 0 12 0 2 15 9 13 9 14 2 13 6 10 6 9 12 7 14 12 8 14 1 2
> 4 7 0 12 0 2 15 9 13 9 14 2 13 6 10 6 9 12 7 14 12 8 14 1 2
> 4 7 0 12 0 2 15 9 13 9 14 2 13 6 10 6 9 12 7 14 12 8 14 1 2
> 4 7 0 12 0 2 15 9 13 9 14 2 13 6 10 6 9 12 7 14 12 8 14 1 2
> 4 7 0 12 0 2 15 9 13 9 14 2 13 6 10 6 9 12 7 14 12 8 14 1 2
> 4 7 0 12 0 2 15 9 13 9 14 2 13 6 10 6 9 12 7 14 12 8 14 1 2
> 4 7 0 12 0 2 15 9 13 9 14 2 13 6 10 6 9 12 7 14 12 8 14 1 2
> 4 7 0 12 0 2 15 9 13 9 14 2 13 6 10 6 9 12 7 14 12 8 14 1 2
> 4 7 0 12 0 2 15 9 13 9 14 2 13 6 10 6 9 12 7 14 12 8 14 1 2
> 4 7 0 12 0 2 15 9 13 9 14 2 13 6 10 6 9 12 7 14 12 8 14 1 2
> 4 7 0 12 0 2 15 9 13 9 14 2 13 6 10 6 9 12 7 14 12 8 14 1 2
> 4 7 0 12 0 2 15 9 13 9 14 2 13 6 10 6 9 12 7 14 12 8 14 1 2
> 4 7 0 12 0 2 15 9 13 9 14 2 13 6 10 6 9 12 7 14 12 8 14 1 2
> 4 7 0 12 0 2 15 9 13 9 14 2 13 6 10 6 9 12 7 14 12 8 14 1 2
> 4 7 0 12 0 2 15 9 13 9 14 2 13 6 10 6 9 12 7 14 12 8 14 1 2
> 4 7 0 12 0 2 15 9 13 9 14 2 13 6 10 6 9 12 7 14 12 8 14 1 2
> 4 7 0 12 0 2 15 9 13 9 14 2 13 6 10 6 9 12 7 14 12 8 14 1 2
> 4 7 0 12 0 2 15 9 13 9 14 2 13 6 10 6 9 12 7 14 12 8 14 1 2
> 4 7 0 12 0 2 15 9 13 9 14 2 13 6 10 6 9 12 7 14 12 8 14 1 2
> 4 7 0 12 0 2 15 9 13 9 14 2 13 6 10 6 9 12 7 14 12 8 14 1 2
> 4 7 0 12 0 2 15 9 13 9 14 2 13 6 10 6 9 12 7 14 12 8 14 1 2
> 4 7 0 12 0 2 15 9 13 9 14 2 13 6 10 6 9 12 7 14 12 8 14 1 2
> 4 7 0 12 0 2 15 9 13 9 14 2 13 6 10 6 9 12 7 14 12 8 14 1 2
> 4 7 0 12 0 2 15 9 13 9 14 2 13 6 10 6 9 12 7 14 12 8 14 1 2
> 4 7 0 12 0 2 15 9 13 9 14 2 13 6 10 6 9 12 7 14 12 8 14 1 2
> 4 7 0 12 0 2 15 9 13 9 14 2 13 6 10 6 9 12 7 14 12 8 14 1 2
> 4 7 0 12 0 2 15 9 13 9 14 2 13 6 10 6 9 12 7 14 12 8 14 1 2
> 4 7 0 12 0 2 15 9 13 9 14 2 13 6 10 6 9 12 7 14 12 8 14 1 2
> 4 7 0 12 0 2 15 9 13 9 14 2 13 6 10 6 9 12 7 14 12 8 14 1 2
> 4 7 0 12 0 2 15 9 13 9 14 2 13 6 10 6 9 12 7 14 12 8 14 1 2
> 4 7 0 12 0 2 15 9 13 9 14 2 13 6 10 6 9 12 7 14 12 8 14 1 2
> 4 7 0 12 0 2 15 9 13 9 14 2 13 6 10 6 9 12 7 14 12 8 14 1 2
> 4 7 0 12 0 2 15 9 13 9 14 2 13 6 10 6 9 12 7 14 12 8 14 1 2
> 4 7 0 12 0 2 15 9 13 9 14 2 13 6 10 6 9 12 7 14 12 8 14 1 2
> 4 7 0 12 0 2 15 9 13 9 14 2 13 6 10 6 9 12 7 14 12 8 14 1 2
> 4 7 0 12 0 2 15 9 13 9 14 2 13 6 10 6 9 12 7 14 12 8 14 1 2
> 4 7 0 12 0 2 15 9 13 9 14 2 13 6 10 6 9 12 7 14 12 8 14 1 2
> 4 7 0 12 0 2 15 9 13 9 14 2 13 6 10 6 9 12 7 14 12 8 14 1 2
> 4 7 0 12 0 2 15 9 13 9 14 2 13 6 10 6 9 12 7 14 12 8 14 1 2
> 4 7 0 12 0 2 15 9 13 9 14 2 13 6 10 6 9 12 7 14 12 8 14 1 2
> 4 7 0 12 0 2 15 9 13 9 14 2 13 6 10 6 9 12 7 14 12 8 14 1 2
> 4 7 0 12 0 2 15 9 13 9 14 2 13 6 10 6 9 12 7 14 12 8 14 1 2
> 4 7 0 12 0 2 15 9 13 9 14 2 13 6 10 6 9 12 7 14 12 8 14 1 2
> 4 7 0 12 0 2 15 9 13 9 14 2 13 6 10 6 9 12 7 14 12 8 14 1 2
****Forked and Sorted ************
> 0 0 1 2 2 2 4 6 6 7 7 8 9 9 9 10 12 12 12 13 13 14 14 14 15
